#SampBsub = Samp - alpha * Bkg
#Samp : Sgi4X_00017.avg
#Bkg : Sgibuf_00016.avg
#alpha : 1.00000
#SampBsub : Sgi4X_00017_Bsub.dat
#Data Dir :  C:\Users\zuox\Box\work\matlab_codes\matlab_12IDB\bioSAXSproc\example\
#Time : 20-Sep-2022 16:18:33
# 
#  q          I(q)          I(q)_err
2.00000E-03  -7.81195E-01  3.0612E+00
2.05300E-03  -6.92900E-01  3.3494E+00
2.10800E-03  -7.97062E-01  5.0449E+00
2.16400E-03  -4.39845E-01  2.6909E+00
2.22100E-03  0.00000E+00  0.0000E+00
2.28000E-03  -3.21317E-01  1.8609E+00
2.34100E-03  -3.30401E-01  1.5419E+00
2.40300E-03  -2.06290E-01  1.9650E+00
2.46700E-03  -3.32521E-01  1.8096E+00
2.53300E-03  -2.25765E-01  1.4415E+00
2.60000E-03  -2.40568E-01  1.3159E+00
2.66900E-03  -1.59851E-01  8.3935E-01
2.74000E-03  -8.81396E-02  1.0846E+00
2.81300E-03  -1.59400E-01  9.1638E-01
2.88800E-03  -5.79340E-02  6.7681E-01
2.96500E-03  -6.97110E-02  6.0331E-01
3.04400E-03  2.34770E-02  4.7677E-01
3.12500E-03  2.42260E-03  4.2642E-01
3.20800E-03  1.28126E-01  4.8824E-01
3.29300E-03  7.58078E-02  3.5050E-01
3.38100E-03  6.02412E-02  3.1264E-01
3.47100E-03  3.83996E-02  2.6752E-01
3.56300E-03  6.99301E-02  2.9159E-01
3.65800E-03  2.12550E-02  1.9605E-01
3.75500E-03  2.94372E-02  1.8910E-01
3.85500E-03  5.16819E-02  1.8162E-01
3.95800E-03  2.94048E-02  1.3825E-01
4.06300E-03  3.34362E-02  1.3347E-01
4.17100E-03  3.94767E-02  1.1984E-01
4.28200E-03  3.77664E-02  1.0773E-01
4.39600E-03  3.28849E-02  8.9847E-02
4.51300E-03  4.60535E-02  9.4772E-02
4.63300E-03  4.02421E-02  7.2762E-02
4.75600E-03  2.63220E-02  7.4079E-02
4.88300E-03  3.66927E-02  6.4723E-02
5.01300E-03  3.97129E-02  5.3359E-02
5.14600E-03  4.93742E-02  5.3986E-02
5.28300E-03  5.40369E-02  4.8386E-02
5.42300E-03  4.62698E-02  4.0553E-02
5.56800E-03  4.18932E-02  3.8623E-02
5.71600E-03  4.99307E-02  3.2648E-02
5.86800E-03  4.06087E-02  3.1263E-02
6.02400E-03  5.42594E-02  2.6837E-02
6.18400E-03  5.00098E-02  2.5308E-02
6.34900E-03  4.65956E-02  2.1951E-02
6.51800E-03  4.91220E-02  2.0418E-02
6.69100E-03  5.07339E-02  1.7949E-02
6.86900E-03  4.99973E-02  1.7047E-02
7.05200E-03  4.44083E-02  1.4708E-02
7.23900E-03  4.86428E-02  1.4072E-02
7.43200E-03  5.07073E-02  1.2515E-02
7.63000E-03  4.97402E-02  1.1397E-02
7.83300E-03  5.07969E-02  1.0378E-02
8.04100E-03  4.99267E-02  9.1709E-03
8.25500E-03  4.94039E-02  8.8711E-03
8.47500E-03  5.21920E-02  7.8965E-03
8.70000E-03  5.10147E-02  7.2206E-03
8.93100E-03  5.08969E-02  6.6841E-03
9.16900E-03  5.08136E-02  6.2162E-03
9.41300E-03  5.06064E-02  5.7064E-03
9.66300E-03  5.13010E-02  5.1054E-03
9.92000E-03  5.05971E-02  4.9487E-03
1.01840E-02  4.94567E-02  4.4996E-03
1.04550E-02  5.22252E-02  4.1176E-03
1.07330E-02  5.12188E-02  3.6334E-03
1.10190E-02  5.02872E-02  3.3878E-03
1.13120E-02  4.95069E-02  3.1315E-03
1.16130E-02  5.03714E-02  2.8922E-03
1.19220E-02  5.04747E-02  2.6379E-03
1.22390E-02  5.03234E-02  2.4753E-03
1.25650E-02  5.01955E-02  2.3190E-03
1.28990E-02  4.93922E-02  2.1413E-03
1.32420E-02  4.96112E-02  2.0314E-03
1.35940E-02  4.92247E-02  1.9108E-03
1.39560E-02  4.85875E-02  1.7803E-03
1.43270E-02  4.86826E-02  1.6908E-03
1.47090E-02  4.81405E-02  1.5707E-03
1.51000E-02  4.85006E-02  1.5057E-03
1.55020E-02  4.80131E-02  1.4276E-03
1.59140E-02  4.86304E-02  1.3490E-03
1.63370E-02  4.77553E-02  1.2861E-03
1.67720E-02  4.79936E-02  1.2247E-03
1.72180E-02  4.77559E-02  1.1668E-03
1.76760E-02  4.69589E-02  1.1099E-03
1.81460E-02  4.68364E-02  1.0573E-03
1.86290E-02  4.62891E-02  1.0088E-03
1.91250E-02  4.57401E-02  9.6181E-04
1.96330E-02  4.58488E-02  9.2797E-04
2.01560E-02  4.50976E-02  8.8160E-04
2.06920E-02  4.47077E-02  8.4275E-04
2.12420E-02  4.45908E-02  8.0919E-04
2.18080E-02  4.42471E-02  7.7685E-04
2.23880E-02  4.31837E-02  7.4161E-04
2.29830E-02  4.28895E-02  7.1698E-04
2.35950E-02  4.27324E-02  6.8130E-04
2.42220E-02  4.22857E-02  6.5958E-04
2.48670E-02  4.19807E-02  6.3049E-04
2.55280E-02  4.12377E-02  6.0394E-04
2.62070E-02  4.02906E-02  5.7712E-04
2.69050E-02  4.02285E-02  5.5555E-04
2.76200E-02  3.93579E-02  5.3072E-04
2.83550E-02  3.86917E-02  5.1217E-04
2.91090E-02  3.82009E-02  4.8777E-04
2.98840E-02  3.72475E-02  4.7071E-04
3.06790E-02  3.72232E-02  4.5458E-04
3.14950E-02  3.60331E-02  4.3161E-04
3.23330E-02  3.54453E-02  4.1855E-04
3.31930E-02  3.45502E-02  3.9945E-04
3.40760E-02  3.36956E-02  3.8620E-04
3.49830E-02  3.30178E-02  3.6815E-04
3.59130E-02  3.18375E-02  3.5761E-04
3.68690E-02  3.11087E-02  3.5148E-04
3.78490E-02  3.03792E-02  3.4724E-04
3.88560E-02  2.95103E-02  3.3755E-04
3.98900E-02  2.84928E-02  3.2934E-04
4.09510E-02  2.76010E-02  3.1839E-04
4.20410E-02  2.66944E-02  3.0875E-04
4.31590E-02  2.54710E-02  2.9765E-04
4.43070E-02  2.47525E-02  2.8840E-04
4.54860E-02  2.38712E-02  2.7864E-04
4.66960E-02  2.27034E-02  2.6840E-04
4.79380E-02  2.16768E-02  2.5965E-04
4.92130E-02  2.08058E-02  2.5036E-04
5.05230E-02  1.95958E-02  2.4166E-04
5.18670E-02  1.86317E-02  2.3229E-04
5.32460E-02  1.74658E-02  2.2322E-04
5.46630E-02  1.63721E-02  2.1601E-04
5.61170E-02  1.53110E-02  2.0762E-04
5.76100E-02  1.43629E-02  1.9961E-04
5.91430E-02  1.33276E-02  1.9227E-04
6.07160E-02  1.22899E-02  1.8491E-04
6.23310E-02  1.12658E-02  1.7816E-04
6.39890E-02  1.03562E-02  1.7211E-04
6.56920E-02  9.44220E-03  1.6538E-04
6.74390E-02  8.44594E-03  1.5944E-04
6.92330E-02  7.66995E-03  1.5392E-04
7.10750E-02  6.63324E-03  1.4799E-04
7.29660E-02  5.96603E-03  1.4346E-04
7.49070E-02  5.25655E-03  1.3824E-04
7.69000E-02  4.47054E-03  1.3716E-04
7.89460E-02  3.88664E-03  1.4058E-04
8.10460E-02  3.25781E-03  1.4525E-04
8.32020E-02  2.90900E-03  1.3561E-04
8.54150E-02  2.18803E-03  1.2732E-04
8.76880E-02  1.83195E-03  1.2632E-04
9.00200E-02  1.45820E-03  1.2055E-04
9.24150E-02  1.16436E-03  1.1469E-04
9.48740E-02  7.88607E-04  1.0984E-04
9.73980E-02  6.93346E-04  1.0544E-04
9.99890E-02  5.03014E-04  1.0968E-04
1.01988E-01  3.92603E-04  1.1574E-04
1.03988E-01  3.44826E-04  1.1469E-04
1.05988E-01  2.64269E-04  1.1309E-04
1.07988E-01  2.80140E-04  1.1185E-04
1.09987E-01  2.37026E-04  1.1077E-04
1.11987E-01  1.80826E-04  1.0928E-04
1.13987E-01  2.20757E-04  1.0827E-04
1.15987E-01  2.12153E-04  1.0737E-04
1.17987E-01  2.59064E-04  1.0627E-04
1.19986E-01  1.89712E-04  1.0586E-04
1.21986E-01  2.69297E-04  1.0517E-04
1.23986E-01  2.75283E-04  1.0427E-04
1.25986E-01  3.00762E-04  1.0332E-04
1.27985E-01  1.92003E-04  1.0252E-04
1.29985E-01  3.21657E-04  1.0176E-04
1.31985E-01  3.57662E-04  1.0124E-04
1.33985E-01  3.48510E-04  1.0026E-04
1.35984E-01  4.16954E-04  9.9346E-05
1.37984E-01  3.18012E-04  9.8770E-05
1.39984E-01  2.72197E-04  9.8013E-05
1.41984E-01  3.44133E-04  9.7572E-05
1.43984E-01  3.23604E-04  9.6501E-05
1.45983E-01  3.03003E-04  9.5994E-05
1.47983E-01  3.36846E-04  9.5921E-05
1.49983E-01  2.97926E-04  9.8927E-05
1.51983E-01  3.13262E-04  1.0050E-04
1.53982E-01  3.31100E-04  1.0092E-04
1.55982E-01  2.82186E-04  9.7706E-05
1.57982E-01  1.54081E-04  9.5930E-05
1.59982E-01  1.84540E-04  9.4726E-05
1.61981E-01  1.75453E-04  9.3953E-05
1.63981E-01  2.11062E-04  9.3064E-05
1.65981E-01  1.91597E-04  9.2161E-05
1.67981E-01  2.16326E-04  9.1455E-05
1.69981E-01  2.01069E-04  9.0637E-05
1.71980E-01  1.29321E-04  8.9669E-05
1.73980E-01  8.13260E-05  8.9202E-05
1.75980E-01  9.22000E-05  8.8636E-05
1.77980E-01  1.14614E-04  8.8053E-05
1.79979E-01  1.91638E-04  8.7781E-05
1.81979E-01  1.55662E-04  8.7119E-05
1.83979E-01  5.44190E-05  8.6475E-05
1.85979E-01  5.41830E-05  8.6054E-05
1.87979E-01  6.17900E-06  8.5664E-05
1.89978E-01  3.73310E-05  8.5509E-05
1.91978E-01  6.76530E-05  8.4876E-05
1.93978E-01  9.44620E-05  8.4806E-05
1.95978E-01  4.00690E-05  8.4484E-05
1.97977E-01  6.64360E-05  8.4262E-05
1.99977E-01  9.51000E-05  8.3890E-05
2.01977E-01  3.27810E-05  8.3489E-05
2.03977E-01  8.28540E-05  8.3346E-05
2.05976E-01  5.32400E-05  8.3169E-05
2.07976E-01  5.94810E-05  8.3182E-05
2.09976E-01  3.30240E-05  8.2827E-05
2.11976E-01  2.51790E-05  8.2656E-05
2.13976E-01  5.92140E-05  8.2424E-05
2.15975E-01  5.70970E-05  8.2214E-05
2.17975E-01  7.81100E-05  8.2098E-05
2.19975E-01  1.97880E-05  8.2480E-05
2.21975E-01  9.21360E-05  8.5242E-05
2.23974E-01  6.13070E-05  8.7065E-05
2.25974E-01  7.24690E-05  8.7333E-05
2.27974E-01  6.60140E-05  8.4899E-05
2.29974E-01  8.78670E-05  8.3941E-05
2.31973E-01  1.06757E-04  8.3376E-05
2.33973E-01  1.44364E-04  8.2875E-05
2.35973E-01  6.21430E-05  8.2251E-05
2.37973E-01  2.24169E-04  8.1483E-05
2.39973E-01  2.61670E-05  8.0991E-05
2.41972E-01  4.12140E-05  8.0972E-05
2.43972E-01  6.36460E-05  8.0921E-05
2.45972E-01  9.37760E-05  8.0644E-05
2.47972E-01  -2.24700E-06  8.0785E-05
2.49971E-01  1.34507E-04  8.1238E-05
2.51971E-01  2.76190E-05  8.1417E-05
2.53971E-01  2.56460E-05  8.1657E-05
2.55971E-01  1.49700E-04  8.2098E-05
2.57971E-01  2.36620E-05  8.2849E-05
2.59970E-01  4.08670E-05  8.3171E-05
2.61970E-01  1.09640E-05  8.3699E-05
2.63970E-01  2.29000E-05  8.4134E-05
2.65970E-01  3.21540E-05  8.4290E-05
2.67969E-01  3.67360E-05  8.4303E-05
2.69969E-01  7.77880E-05  8.4538E-05
2.71969E-01  1.47190E-05  8.4809E-05
2.73969E-01  5.12400E-06  8.5155E-05
2.75968E-01  3.31200E-06  8.5299E-05
2.77968E-01  6.19040E-05  8.5484E-05
2.79968E-01  4.52310E-05  8.5645E-05
2.81968E-01  9.45760E-05  8.5876E-05
2.83968E-01  7.03210E-05  8.6010E-05
2.85967E-01  3.08070E-05  8.6149E-05
2.87967E-01  6.26960E-05  8.6350E-05
2.89967E-01  4.00400E-06  8.6045E-05
2.91967E-01  5.42140E-05  8.6907E-05
2.93966E-01  5.19690E-05  9.1613E-05
2.95966E-01  -1.07620E-05  9.4086E-05
2.97966E-01  3.04640E-05  9.4792E-05
2.99966E-01  3.37170E-05  7.4796E-05
3.03965E-01  5.50470E-05  6.3614E-05
3.07965E-01  4.26470E-05  6.3053E-05
3.11964E-01  7.68540E-05  6.3058E-05
3.15964E-01  5.21100E-05  6.2963E-05
3.19963E-01  8.51470E-05  6.2906E-05
3.23963E-01  2.68830E-05  6.2866E-05
3.27963E-01  -8.58100E-06  6.2896E-05
3.31962E-01  1.74380E-05  6.2535E-05
3.35962E-01  5.87860E-05  6.2200E-05
3.39961E-01  3.41290E-05  6.1869E-05
3.43961E-01  1.47600E-05  6.1806E-05
3.47960E-01  5.90000E-05  6.1869E-05
3.51960E-01  4.25640E-05  6.1810E-05
3.55959E-01  7.09960E-05  6.1840E-05
3.59959E-01  4.19970E-05  6.1820E-05
3.63958E-01  -2.52290E-05  6.3469E-05
3.67958E-01  3.72570E-05  6.9296E-05
3.71957E-01  4.72460E-05  6.7086E-05
3.75957E-01  3.91620E-05  6.5091E-05
3.79957E-01  6.42670E-05  6.4727E-05
3.83956E-01  1.47540E-05  6.4269E-05
3.87956E-01  6.07100E-05  6.3615E-05
3.91955E-01  4.55260E-05  6.3182E-05
3.95955E-01  2.26540E-05  6.2950E-05
3.99954E-01  4.91620E-05  6.2895E-05
4.03954E-01  7.81880E-05  6.2793E-05
4.07953E-01  5.13260E-05  6.2741E-05
4.11953E-01  9.02170E-05  6.2730E-05
4.15952E-01  8.35570E-05  6.2689E-05
4.19952E-01  4.28430E-05  6.2599E-05
4.23952E-01  3.65260E-05  6.2594E-05
4.27951E-01  4.66380E-05  6.2550E-05
4.31951E-01  6.74240E-05  6.2461E-05
4.35950E-01  3.53620E-05  6.4624E-05
4.39950E-01  9.26830E-05  7.0988E-05
4.43949E-01  4.75670E-05  6.6147E-05
4.47949E-01  8.31540E-05  6.3426E-05
4.51948E-01  2.48620E-05  6.2848E-05
4.55948E-01  5.54790E-05  6.2352E-05
4.59947E-01  3.14600E-05  6.2017E-05
4.63947E-01  1.02530E-05  6.1727E-05
4.67947E-01  2.64190E-05  6.1471E-05
4.71946E-01  3.34260E-05  6.1182E-05
4.75946E-01  5.27570E-05  6.1016E-05
4.79945E-01  3.54400E-05  6.0900E-05
4.83945E-01  6.57860E-05  6.0828E-05
4.87944E-01  3.39040E-05  6.0733E-05
4.91944E-01  6.54670E-05  6.0621E-05
4.95943E-01  4.45290E-05  6.0461E-05
4.99943E-01  5.36170E-05  6.0540E-05
5.03942E-01  3.69790E-05  6.0122E-05
5.07942E-01  7.69000E-07  6.4414E-05
5.11941E-01  5.38860E-05  7.5258E-05
5.15941E-01  -4.28330E-05  8.5628E-05
5.19941E-01  4.97460E-05  9.9711E-05
5.23940E-01  4.37830E-05  1.2540E-04
5.27940E-01  7.54600E-06  1.7930E-04
5.31939E-01  3.01086E-04  4.5218E-04
5.35939E-01  0.00000E+00  0.0000E+00
5.39938E-01  0.00000E+00  0.0000E+00
5.43938E-01  0.00000E+00  0.0000E+00
5.47937E-01  0.00000E+00  0.0000E+00
5.51937E-01  0.00000E+00  0.0000E+00
5.55936E-01  0.00000E+00  0.0000E+00
5.59936E-01  0.00000E+00  0.0000E+00
